A = [1 2 3; 4 5 6; 7 8 9]
B = [11 11 11; 22 22 22; 33 33 33]
A.\B